[
  {
    "timestamp": "2025-06-16T13:01:30.217090",
    "dim": 8,
    "make_hermitian": true,
    "is_hermitian": true,
    "condition_number": 441.468122631339,
    "nnz": 36,
    "density": 0.5625,
    "noise_level": 10.0,
    "time_quantum_sec": 104.17155766487122,
    "euclid_norm_classical": 0.41067355959709106,
    "euclid_norm_quantum": 0.40657641060166544,
    "diff_norm": 0.00411197299736284,
    "x_classical": [
      [
        -0.375917788616355,
        0.0
      ],
      [
        -0.015967090139083377,
        0.0
      ],
      [
        -0.0168211331136148,
        0.0
      ],
      [
        -0.16362843878334055,
        0.0
      ],
      [
        -0.0046616942773011925,
        0.0
      ],
      [
        -0.0021021310963132344,
        0.0
      ],
      [
        0.0004392321967330165,
        0.0
      ],
      [
        -0.00028463120381209045,
        0.0
      ]
    ],
    "x_quantum": [
      [
        -0.37224180159256454,
        -1.4867531352400805e-11
      ],
      [
        -0.015578111548835502,
        -6.12832334872559e-13
      ],
      [
        -0.016442762991750313,
        -6.818192161095893e-13
      ],
      [
        -0.1618682615401373,
        -6.729140030091451e-12
      ],
      [
        -0.004643267085004132,
        -1.9965228486845927e-13
      ],
      [
        -0.0020541716192383113,
        -8.334783128422918e-14
      ],
      [
        0.0004299604581598268,
        1.7225463154943565e-14
      ],
      [
        -0.00027978623834787314,
        -1.1300856178012667e-14
      ]
    ],
    "matrix": [
      [
        1.0,
        0.0,
        0.0,
        -8.408793720987584,
        0.0,
        0.0,
        0.0,
        0.0
      ],
      [
        0.0,
        2.6826957952797255,
        -9.766956859665573,
        0.8992525813033367,
        0.0,
        -9.240594149507416,
        9.208104264024428,
        -7.790515849055177
      ],
      [
        0.0,
        -9.766956859665573,
        7.196856730011519,
        0.0,
        11.351984430914404,
        -8.57648002141483,
        0.0,
        0.0
      ],
      [
        -8.408793720987584,
        0.8992525813033367,
        0.0,
        19.306977288832496,
        -2.627498224055193,
        0.0,
        0.0,
        -0.931958469606748
      ],
      [
        0.0,
        0.0,
        11.351984430914404,
        -2.627498224055193,
        51.7947467923121,
        0.0,
        5.625916411201789,
        0.0
      ],
      [
        0.0,
        -9.240594149507416,
        -8.57648002141483,
        0.0,
        0.0,
        138.94954943731375,
        -3.1420321749488185,
        -5.827676490613321
      ],
      [
        0.0,
        9.208104264024428,
        0.0,
        0.0,
        5.625916411201789,
        -3.1420321749488185,
        372.7593720314938,
        -10.259071115648657
      ],
      [
        0.0,
        -7.790515849055177,
        0.0,
        -0.931958469606748,
        0.0,
        -5.827676490613321,
        -10.259071115648657,
        1000.0
      ]
    ]
  },
  {
    "timestamp": "2025-06-16T13:02:17.412321",
    "dim": 4,
    "make_hermitian": true,
    "is_hermitian": true,
    "condition_number": 23.138384221846866,
    "nnz": 12,
    "density": 0.75,
    "noise_level": 10.0,
    "time_quantum_sec": 0.7400434017181396,
    "euclid_norm_classical": 0.5089320556969944,
    "euclid_norm_quantum": 0.483483296684721,
    "diff_norm": 0.026459481346892928,
    "x_classical": [
      [
        0.049389283749580654,
        0.0
      ],
      [
        0.04979490853194928,
        0.0
      ],
      [
        -0.42587176572500773,
        0.0
      ],
      [
        0.26967803434694304,
        0.0
      ]
    ],
    "x_quantum": [
      [
        0.05243356311379016,
        6.7680582783625875e-15
      ],
      [
        0.051265582122318507,
        -4.64460120820991e-15
      ],
      [
        -0.40463803150967864,
        8.376570555444144e-15
      ],
      [
        0.2542571988714386,
        -1.0468806711455414e-14
      ]
    ],
    "matrix": [
      [
        1.0,
        -2.172128651877987,
        1.4803891723502014,
        6.2638680182831195
      ],
      [
        -2.172128651877987,
        2.154434690031884,
        0.0,
        0.0
      ],
      [
        1.4803891723502014,
        0.0,
        4.641588833612778,
        7.058810985688723
      ],
      [
        6.2638680182831195,
        0.0,
        7.058810985688723,
        10.0
      ]
    ]
  },
  {
    "timestamp": "2025-06-16T13:04:15.953649",
    "dim": 16,
    "make_hermitian": true,
    "is_hermitian": true,
    "condition_number": 77.94818566232554,
    "nnz": 160,
    "density": 0.625,
    "noise_level": 10.0,
    "time_quantum_sec": 101.65687203407288,
    "euclid_norm_classical": 0.2111734714558995,
    "euclid_norm_quantum": 0.20452105795239148,
    "diff_norm": 0.013130335143438143,
    "x_classical": [
      [
        -0.13600551909854536,
        0.0
      ],
      [
        0.06368448146027776,
        0.0
      ],
      [
        -0.021279368478497238,
        0.0
      ],
      [
        0.10327313677601097,
        0.0
      ],
      [
        0.06186435073679029,
        0.0
      ],
      [
        -0.027166817044446324,
        0.0
      ],
      [
        0.057645958910168785,
        0.0
      ],
      [
        0.030059522577759047,
        0.0
      ],
      [
        0.036356590360539745,
        0.0
      ],
      [
        -0.007425001586992136,
        0.0
      ],
      [
        -0.02334440909059697,
        0.0
      ],
      [
        0.004414356775517791,
        0.0
      ],
      [
        0.005643086634753716,
        0.0
      ],
      [
        0.008431717892119613,
        0.0
      ],
      [
        0.008344862583530864,
        0.0
      ],
      [
        0.004128886757958523,
        0.0
      ]
    ],
    "x_quantum": [
      [
        -0.12448679921872038,
        -1.1372781349312493e-12
      ],
      [
        0.06321672931778409,
        6.079454732891957e-13
      ],
      [
        -0.02367635193192671,
        -2.492182221661264e-13
      ],
      [
        0.10326711630855823,
        1.0165884119087174e-12
      ],
      [
        0.0628508517744474,
        6.204530647540133e-13
      ],
      [
        -0.02945937683347544,
        -3.0121213634619943e-13
      ],
      [
        0.05821716763650677,
        5.762725306510323e-13
      ],
      [
        0.025782126076669683,
        2.160039050734188e-13
      ],
      [
        0.037449236488105844,
        3.716363403622907e-13
      ],
      [
        -0.006838729823981052,
        -6.257738171981683e-14
      ],
      [
        -0.023960123635588332,
        -2.383730479379684e-13
      ],
      [
        0.0022546556225993527,
        5.73470346469771e-15
      ],
      [
        0.005437724258694778,
        4.9537342002812505e-14
      ],
      [
        0.008980966522394718,
        9.150570783564473e-14
      ],
      [
        0.0083403946778724,
        8.148792910282652e-14
      ],
      [
        0.005537485019909813,
        6.358535732633167e-14
      ]
    ],
    "matrix": [
      [
        1.0,
        0.0,
        0.0,
        7.55470303066971,
        0.0,
        0.0,
        0.5109716795768673,
        7.55952786943098,
        0.0,
        0.0,
        0.0,
        9.81796958997942,
        0.5421912779229814,
        6.800560075482712,
        5.947199932302322,
        -13.139676086028881
      ],
      [
        0.0,
        1.3593563908785256,
        2.687359045868236,
        0.37886192796590556,
        0.0,
        0.0,
        -1.558875962236904,
        0.0,
        0.0,
        0.7548402589227017,
        -4.121192661707081,
        -2.1111776586134834,
        0.0,
        0.0,
        -7.181734732808275,
        0.0
      ],
      [
        0.0,
        2.687359045868236,
        1.847849797422291,
        -4.794149661039904,
        0.0,
        0.04378530439735506,
        0.0,
        0.0,
        -6.4074869092320625,
        0.0,
        -17.40131087236675,
        0.9580556025174314,
        8.59962536189617,
        10.717986924613163,
        5.761242287572818,
        0.0
      ],
      [
        7.55470303066971,
        0.37886192796590556,
        -4.794149661039904,
        2.51188643150958,
        0.0,
        -2.61876546803105,
        -0.860632422266459,
        17.575749654238372,
        1.1556345799556471,
        0.0,
        0.0,
        0.0,
        0.0,
        3.8433358845364083,
        6.7908167314268155,
        -9.44871164051257
      ],
      [
        0.0,
        0.0,
        0.0,
        0.0,
        3.4145488738336014,
        0.0,
        0.0,
        -5.4273722686550885,
        0.0,
        4.83212976456268,
        0.0,
        4.519485547100883,
        0.0,
        0.0,
        0.0,
        -7.790642430548815
      ],
      [
        0.0,
        0.0,
        0.04378530439735506,
        -2.61876546803105,
        0.0,
        4.641588833612778,
        -5.757404681176231,
        0.0,
        15.379917087038766,
        8.700554246912763,
        0.0,
        9.7825348792975,
        7.365766265245718,
        16.367388052258796,
        0.0,
        2.919427393972942
      ],
      [
        0.5109716795768673,
        -1.558875962236904,
        0.0,
        -0.860632422266459,
        0.0,
        -5.757404681176231,
        6.309573444801933,
        -8.996613968230246,
        -4.5308923524743605,
        0.0,
        -1.5251506204234175,
        16.28387294811375,
        9.68234035517715,
        5.89295878498057,
        0.0,
        -9.477441788639315
      ],
      [
        7.55952786943098,
        0.0,
        0.0,
        17.575749654238372,
        -5.4273722686550885,
        0.0,
        -8.996613968230246,
        8.576958985908941,
        0.0,
        0.0,
        14.24935111034123,
        9.821616161869745,
        -9.247725481345281,
        12.21864275765933,
        8.581071370979352,
        -5.707351456881618
      ],
      [
        0.0,
        0.0,
        -6.4074869092320625,
        1.1556345799556471,
        0.0,
        15.379917087038766,
        -4.5308923524743605,
        0.0,
        11.659144011798316,
        -0.7425985995431681,
        0.0,
        -2.6548086857363096,
        0.0,
        5.578189007129858,
        -7.726215159477645,
        5.589154720948425
      ],
      [
        0.0,
        0.7548402589227017,
        0.0,
        0.0,
        4.83212976456268,
        8.700554246912763,
        0.0,
        0.0,
        -0.7425985995431681,
        15.848931924611133,
        -3.295464354790183,
        0.0,
        -7.601475693021804,
        0.0,
        0.0,
        0.0
      ],
      [
        0.0,
        -4.121192661707081,
        -17.40131087236675,
        0.0,
        0.0,
        0.0,
        -1.5251506204234175,
        14.24935111034123,
        0.0,
        -3.295464354790183,
        21.544346900318832,
        -9.139994166901214,
        5.055957568610516,
        6.31834027180053,
        -3.41775553302557,
        4.18772344713396
      ],
      [
        9.81796958997942,
        -2.1111776586134834,
        0.9580556025174314,
        0.0,
        4.519485547100883,
        9.7825348792975,
        16.28387294811375,
        9.821616161869745,
        -2.6548086857363096,
        0.0,
        -9.139994166901214,
        29.286445646252357,
        -2.7588737611383234,
        1.4002637232674093,
        0.0,
        0.0
      ],
      [
        0.5421912779229814,
        0.0,
        8.59962536189617,
        0.0,
        0.0,
        7.365766265245718,
        9.68234035517715,
        -9.247725481345281,
        0.0,
        -7.601475693021804,
        5.055957568610516,
        -2.7588737611383234,
        39.810717055349734,
        -6.311439540200268,
        9.467073136426258,
        0.0
      ],
      [
        6.800560075482712,
        0.0,
        10.717986924613163,
        3.8433358845364083,
        0.0,
        16.367388052258796,
        5.89295878498057,
        12.21864275765933,
        5.578189007129858,
        0.0,
        6.31834027180053,
        1.4002637232674093,
        -6.311439540200268,
        54.116952654646376,
        0.0,
        2.7998342699001064
      ],
      [
        5.947199932302322,
        -7.181734732808275,
        5.761242287572818,
        6.7908167314268155,
        0.0,
        0.0,
        0.0,
        8.581071370979352,
        -7.726215159477645,
        0.0,
        -3.41775553302557,
        0.0,
        9.467073136426258,
        0.0,
        73.56422544596414,
        -8.87229463539374
      ],
      [
        -13.139676086028881,
        0.0,
        0.0,
        -9.44871164051257,
        -7.790642430548815,
        2.919427393972942,
        -9.477441788639315,
        -5.707351456881618,
        5.589154720948425,
        0.0,
        4.18772344713396,
        0.0,
        0.0,
        2.7998342699001064,
        -8.87229463539374,
        100.0
      ]
    ]
  },
  {
    "timestamp": "2025-06-16T16:08:42.558409",
    "dim": 4,
    "make_hermitian": true,
    "is_hermitian": true,
    "condition_number": 10.0,
    "nnz": 4,
    "density": 0.25,
    "noise_level": 10.0,
    "time_quantum_sec": 0.636174201965332,
    "euclid_norm_classical": 1.0,
    "euclid_norm_quantum": 1.0,
    "diff_norm": 6.146415459739557e-14,
    "x_classical": [
      [
        1.0,
        0.0
      ],
      [
        0.0,
        0.0
      ],
      [
        0.0,
        0.0
      ],
      [
        0.0,
        0.0
      ]
    ],
    "x_quantum": [
      [
        1.0,
        -6.144887220955244e-14
      ],
      [
        7.382464533474937e-16,
        -1.0052812319116435e-15
      ],
      [
        -4.2127916234328806e-16,
        -3.318304099107296e-16
      ],
      [
        1.630131828474765e-16,
        -9.298125710970454e-17
      ]
    ],
    "matrix": [
      [
        1.0,
        0.0,
        0.0,
        0.0
      ],
      [
        0.0,
        2.154434690031884,
        0.0,
        0.0
      ],
      [
        0.0,
        0.0,
        4.641588833612778,
        0.0
      ],
      [
        0.0,
        0.0,
        0.0,
        10.0
      ]
    ]
  },
  {
    "timestamp": "2025-06-16T16:10:10.873770",
    "dim": 8,
    "make_hermitian": true,
    "is_hermitian": true,
    "condition_number": 17.25119563043064,
    "nnz": 18,
    "density": 0.28125,
    "noise_level": 10.0,
    "time_quantum_sec": 4.4640913009643555,
    "euclid_norm_classical": 1.0,
    "euclid_norm_quantum": 1.0,
    "diff_norm": 3.8939539685642964e-13,
    "x_classical": [
      [
        1.0,
        0.0
      ],
      [
        -0.0,
        0.0
      ],
      [
        0.0,
        0.0
      ],
      [
        0.0,
        0.0
      ],
      [
        -0.0,
        0.0
      ],
      [
        0.0,
        0.0
      ],
      [
        0.0,
        0.0
      ],
      [
        0.0,
        0.0
      ]
    ],
    "x_quantum": [
      [
        1.0,
        -3.5953128262558163e-13
      ],
      [
        3.4266348480572247e-15,
        -1.0784522490541731e-15
      ],
      [
        1.1353462882375194e-13,
        9.586654516268842e-14
      ],
      [
        -3.4847379039402173e-15,
        8.429654026287546e-15
      ],
      [
        3.930609369760825e-15,
        7.339682370865633e-15
      ],
      [
        9.946796888901097e-15,
        -1.3562401641079059e-15
      ],
      [
        3.372977572350351e-15,
        -6.217532719808639e-16
      ],
      [
        -2.675318401470531e-15,
        6.312413701630414e-16
      ]
    ],
    "matrix": [
      [
        1.0,
        0.0,
        0.0,
        0.0,
        0.0,
        0.0,
        0.0,
        0.0
      ],
      [
        0.0,
        1.3894954943731377,
        0.0,
        0.0,
        -8.333980514382155,
        -0.8583612661044526,
        0.0,
        0.0
      ],
      [
        0.0,
        0.0,
        1.93069772888325,
        0.0,
        0.0,
        0.0,
        0.0,
        0.0
      ],
      [
        0.0,
        0.0,
        0.0,
        2.6826957952797255,
        0.0,
        9.0021948383093,
        4.888756986716206,
        -6.280549055094626
      ],
      [
        0.0,
        -8.333980514382155,
        0.0,
        0.0,
        3.72759372031494,
        0.0,
        0.0,
        0.0
      ],
      [
        0.0,
        -0.8583612661044526,
        0.0,
        9.0021948383093,
        0.0,
        5.17947467923121,
        0.0,
        0.0
      ],
      [
        0.0,
        0.0,
        0.0,
        4.888756986716206,
        0.0,
        0.0,
        7.196856730011519,
        0.0
      ],
      [
        0.0,
        0.0,
        0.0,
        -6.280549055094626,
        0.0,
        0.0,
        0.0,
        10.0
      ]
    ]
  },
  {
    "timestamp": "2025-06-16T16:10:40.792680",
    "dim": 16,
    "make_hermitian": true,
    "is_hermitian": true,
    "condition_number": 14.081681931397675,
    "nnz": 72,
    "density": 0.28125,
    "noise_level": 10.0,
    "time_quantum_sec": 22.253772497177124,
    "euclid_norm_classical": 0.12102649227608964,
    "euclid_norm_quantum": 0.1287442543593941,
    "diff_norm": 0.007781595932173934,
    "x_classical": [
      [
        -0.027665643068917195,
        0.0
      ],
      [
        0.01329957640890284,
        0.0
      ],
      [
        -0.010735381080183022,
        0.0
      ],
      [
        0.020700300280967726,
        0.0
      ],
      [
        0.00999642584026225,
        0.0
      ],
      [
        -0.011346683526751302,
        0.0
      ],
      [
        0.09621545397805988,
        0.0
      ],
      [
        0.03206278228697671,
        0.0
      ],
      [
        0.035284037790114735,
        0.0
      ],
      [
        0.013040689939182334,
        0.0
      ],
      [
        -0.019659406023007364,
        0.0
      ],
      [
        -0.022180353437235966,
        0.0
      ],
      [
        0.0037082999020983456,
        0.0
      ],
      [
        -0.014623847254617593,
        0.0
      ],
      [
        0.009370135408443144,
        0.0
      ],
      [
        -0.006196130340377102,
        0.0
      ]
    ],
    "x_quantum": [
      [
        -0.02867969048943153,
        5.09667891171618e-15
      ],
      [
        0.014037828095780112,
        -3.198821417976465e-15
      ],
      [
        -0.011301497381232222,
        6.409208125433301e-16
      ],
      [
        0.02211557256614443,
        -7.888726619395716e-15
      ],
      [
        0.010569299369328624,
        -3.817509164258096e-15
      ],
      [
        -0.012163398851839168,
        8.409812979514298e-15
      ],
      [
        0.10252235619786927,
        -4.233866421645895e-14
      ],
      [
        0.0343008112303223,
        -1.5469855603793913e-14
      ],
      [
        0.0376336512449564,
        -1.6534681335047562e-14
      ],
      [
        0.01350755259974375,
        -2.7500825479131476e-15
      ],
      [
        -0.020774554970276953,
        6.04919732610669e-15
      ],
      [
        -0.023494728577787182,
        1.0822399765534995e-14
      ],
      [
        0.0037199165945111046,
        1.6665084732050792e-15
      ],
      [
        -0.015827872415301217,
        9.912180508315608e-15
      ],
      [
        0.01018695007115335,
        -6.162917831603782e-15
      ],
      [
        -0.006416734084341891,
        4.2590038710629105e-15
      ]
    ],
    "matrix": [
      [
        1.0,
        0.0,
        0.0,
        0.0,
        0.0,
        -5.877546665980702,
        8.647027802729944,
        2.9288216137243275,
        1.79134465961409,
        0.0,
        1.9919149270762908,
        0.0,
        0.0,
        0.0,
        0.0,
        -1.7825799039898254
      ],
      [
        0.0,
        1.1659144011798317,
        0.0,
        0.0,
        0.0,
        -8.617202414143438,
        0.0,
        -3.565654231622908,
        0.0,
        0.07990060342264371,
        0.0,
        0.0,
        0.0,
        0.0,
        0.0,
        0.0
      ],
      [
        0.0,
        0.0,
        1.3593563908785256,
        0.0,
        0.0,
        0.0,
        0.0,
        -8.953800122219818,
        8.009044162548658,
        0.0,
        0.0,
        -2.3289035932862756,
        0.0,
        0.0,
        0.0,
        5.2565661284520555
      ],
      [
        0.0,
        0.0,
        0.0,
        1.5848931924611136,
        0.0,
        0.0,
        0.0,
        0.0,
        0.0,
        0.0,
        0.0,
        -0.608872331929053,
        -8.05252801789361,
        1.1249830069138138,
        0.0,
        0.0
      ],
      [
        0.0,
        0.0,
        0.0,
        0.0,
        1.847849797422291,
        -2.3868837904739726,
        0.0,
        0.0,
        0.0,
        0.0,
        0.0,
        0.0,
        0.0,
        0.0,
        0.0,
        7.352186921029773
      ],
      [
        -5.877546665980702,
        -8.617202414143438,
        0.0,
        0.0,
        -2.3868837904739726,
        2.154434690031884,
        0.0,
        0.0,
        0.0,
        -9.061228164605815,
        0.0,
        0.0,
        0.0,
        -8.101130575540076,
        0.0,
        0.0
      ],
      [
        8.647027802729944,
        0.0,
        0.0,
        0.0,
        0.0,
        0.0,
        2.51188643150958,
        0.0,
        0.0,
        0.0,
        0.0,
        0.0,
        0.0,
        0.0,
        -0.26218495727173874,
        0.0
      ],
      [
        2.9288216137243275,
        -3.565654231622908,
        -8.953800122219818,
        0.0,
        0.0,
        0.0,
        0.0,
        2.9286445646252366,
        0.0,
        0.0,
        0.0,
        0.0,
        0.0,
        0.0,
        -6.5712524458109485,
        0.0
      ],
      [
        1.79134465961409,
        0.0,
        8.009044162548658,
        0.0,
        0.0,
        0.0,
        0.0,
        0.0,
        3.4145488738336014,
        0.0,
        0.0,
        0.0,
        4.061098626410816,
        0.0,
        0.0,
        0.0
      ],
      [
        0.0,
        0.07990060342264371,
        0.0,
        0.0,
        0.0,
        -9.061228164605815,
        0.0,
        0.0,
        0.0,
        3.9810717055349722,
        7.924626719800855,
        0.0,
        0.0,
        0.0,
        0.0,
        0.0
      ],
      [
        1.9919149270762908,
        0.0,
        0.0,
        0.0,
        0.0,
        0.0,
        0.0,
        0.0,
        0.0,
        7.924626719800855,
        4.641588833612778,
        -5.475012118241276,
        0.0,
        0.0,
        -8.369336568366855,
        0.0
      ],
      [
        0.0,
        0.0,
        -2.3289035932862756,
        -0.608872331929053,
        0.0,
        0.0,
        0.0,
        0.0,
        0.0,
        0.0,
        -5.475012118241276,
        5.411695265464636,
        0.0,
        0.0,
        0.0,
        0.0
      ],
      [
        0.0,
        0.0,
        0.0,
        -8.05252801789361,
        0.0,
        0.0,
        0.0,
        0.0,
        4.061098626410816,
        0.0,
        0.0,
        0.0,
        6.309573444801933,
        0.0,
        0.0,
        0.0
      ],
      [
        0.0,
        0.0,
        0.0,
        1.1249830069138138,
        0.0,
        -8.101130575540076,
        0.0,
        0.0,
        0.0,
        0.0,
        0.0,
        0.0,
        0.0,
        7.3564225445964135,
        0.0,
        1.2312928960394096
      ],
      [
        0.0,
        0.0,
        0.0,
        0.0,
        0.0,
        0.0,
        -0.26218495727173874,
        -6.5712524458109485,
        0.0,
        0.0,
        -8.369336568366855,
        0.0,
        0.0,
        0.0,
        8.576958985908941,
        1.4500294740236157
      ],
      [
        -1.7825799039898254,
        0.0,
        5.2565661284520555,
        0.0,
        7.352186921029773,
        0.0,
        0.0,
        0.0,
        0.0,
        0.0,
        0.0,
        0.0,
        0.0,
        1.2312928960394096,
        1.4500294740236157,
        10.0
      ]
    ]
  },
  {
    "timestamp": "2025-06-16T16:16:51.973765",
    "dim": 16,
    "make_hermitian": true,
    "is_hermitian": true,
    "condition_number": 126.5951095284436,
    "nnz": 138,
    "density": 0.5390625,
    "noise_level": 10.0,
    "time_quantum_sec": 102.99410629272461,
    "euclid_norm_classical": 0.12768867420906418,
    "euclid_norm_quantum": 0.1286616593186827,
    "diff_norm": 0.0012690205714452148,
    "x_classical": [
      [
        -0.011752311920016578,
        0.0
      ],
      [
        -0.0646573841846352,
        0.0
      ],
      [
        0.050447310767429566,
        0.0
      ],
      [
        0.005668543143816189,
        0.0
      ],
      [
        -0.041688765955988014,
        0.0
      ],
      [
        0.03870138973707276,
        0.0
      ],
      [
        0.04925139966600827,
        0.0
      ],
      [
        0.02413412119975524,
        0.0
      ],
      [
        -0.034487104050592444,
        0.0
      ],
      [
        -0.026143358259490403,
        0.0
      ],
      [
        0.005412990665889329,
        0.0
      ],
      [
        -0.02174911373835186,
        0.0
      ],
      [
        0.025436486912750463,
        0.0
      ],
      [
        -0.010654933056415421,
        0.0
      ],
      [
        -0.0022939221378974095,
        0.0
      ],
      [
        -0.004875282001920859,
        0.0
      ]
    ],
    "x_quantum": [
      [
        -0.012126543617037177,
        1.526970984894654e-15
      ],
      [
        -0.06479186276036661,
        2.539170077841272e-13
      ],
      [
        0.05113015269432402,
        -1.7117124567134245e-13
      ],
      [
        0.006071882123005955,
        2.6735803103139707e-14
      ],
      [
        -0.04198239423200346,
        1.1403683567159218e-13
      ],
      [
        0.03925100209812828,
        -1.2303184387705228e-13
      ],
      [
        0.04934293987663217,
        -2.0285964295146239e-13
      ],
      [
        0.024216172091800825,
        -8.284586939600207e-14
      ],
      [
        -0.034918027810806135,
        1.2237501574881348e-13
      ],
      [
        -0.026277681363286377,
        8.185260778428233e-14
      ],
      [
        0.005629278344186652,
        -5.24464562515697e-15
      ],
      [
        -0.02201644940181197,
        6.943204869413343e-14
      ],
      [
        0.02571559758855343,
        -9.564601403074403e-14
      ],
      [
        -0.010772032341236895,
        3.069559134452317e-14
      ],
      [
        -0.00235841164200696,
        1.7658393397884396e-15
      ],
      [
        -0.004921758362526518,
        1.8806626829148085e-14
      ]
    ],
    "matrix": [
      [
        1.0,
        -11.720224559899506,
        0.0,
        16.969845092862464,
        -11.292851259928279,
        0.0,
        0.0,
        0.0,
        8.846083850993546,
        0.0,
        0.0,
        5.231119793056685,
        4.160242393035145,
        0.0,
        0.0,
        0.0
      ],
      [
        -11.720224559899506,
        1.3593563908785256,
        -10.144805250656601,
        0.36111962786259433,
        0.0,
        0.41895499216809107,
        9.88610861916769,
        0.0,
        7.785298402971961,
        0.0,
        0.0,
        -0.47735863052188066,
        4.923675011696162,
        -8.379361099707353,
        -0.15376710343755384,
        0.0
      ],
      [
        0.0,
        -10.144805250656601,
        1.847849797422291,
        7.20437412413736,
        0.0,
        0.0,
        0.0,
        0.0,
        11.017085521259872,
        0.0,
        -9.698096481848928,
        -4.757766823179425,
        -17.376215503305232,
        -2.649216938803458,
        0.4597870973516329,
        9.478568728972586
      ],
      [
        16.969845092862464,
        0.36111962786259433,
        7.20437412413736,
        2.51188643150958,
        -9.438990369496496,
        -0.4872531555172923,
        -6.759372927941374,
        7.11980885267249,
        0.0,
        6.586645579355698,
        -6.93969511173293,
        0.0,
        0.0,
        13.374037728280115,
        9.082430560152698,
        -0.9507333582459783
      ],
      [
        -11.292851259928279,
        0.0,
        0.0,
        -9.438990369496496,
        3.4145488738336014,
        0.0,
        0.0,
        5.287423544113619,
        -4.684555128882626,
        0.0,
        3.9514368377104816,
        0.0,
        -9.0764893849485,
        0.0,
        0.0,
        3.3931587035231985
      ],
      [
        0.0,
        0.41895499216809107,
        0.0,
        -0.4872531555172923,
        0.0,
        4.641588833612778,
        8.059379408813793,
        0.0,
        0.0,
        0.0,
        12.14811532051376,
        28.16108957634183,
        0.0,
        0.0,
        0.0,
        0.0
      ],
      [
        0.0,
        9.88610861916769,
        0.0,
        -6.759372927941374,
        0.0,
        8.059379408813793,
        6.309573444801933,
        3.2550316283196867,
        0.0,
        4.155954062309291,
        0.0,
        -5.773883702027134,
        0.0,
        1.3840510066241194,
        0.0,
        5.307467593589303
      ],
      [
        0.0,
        0.0,
        0.0,
        7.11980885267249,
        5.287423544113619,
        0.0,
        3.2550316283196867,
        8.576958985908941,
        4.900039046150335,
        2.113042157043415,
        -1.9551097943892177,
        -2.1871306502935823,
        0.0,
        0.0,
        0.0,
        0.0
      ],
      [
        8.846083850993546,
        7.785298402971961,
        11.017085521259872,
        0.0,
        -4.684555128882626,
        0.0,
        0.0,
        4.900039046150335,
        11.659144011798316,
        0.0,
        4.371850748206402,
        0.0,
        4.855636207456292,
        0.0,
        0.0,
        1.452188935803381
      ],
      [
        0.0,
        0.0,
        0.0,
        6.586645579355698,
        0.0,
        0.0,
        4.155954062309291,
        2.113042157043415,
        0.0,
        15.848931924611133,
        -6.5346487959897015,
        -8.252080195300975,
        -0.7746580387656703,
        0.0,
        0.0,
        0.6305703097333364
      ],
      [
        0.0,
        0.0,
        -9.698096481848928,
        -6.93969511173293,
        3.9514368377104816,
        12.14811532051376,
        0.0,
        -1.9551097943892177,
        4.371850748206402,
        -6.5346487959897015,
        21.544346900318832,
        -9.823632399549748,
        0.0,
        4.524864435519946,
        0.0,
        6.518684957702018
      ],
      [
        5.231119793056685,
        -0.47735863052188066,
        -4.757766823179425,
        0.0,
        0.0,
        28.16108957634183,
        -5.773883702027134,
        -2.1871306502935823,
        0.0,
        -8.252080195300975,
        -9.823632399549748,
        29.286445646252357,
        0.0,
        0.0,
        -3.8681693226703207,
        3.398437423551382
      ],
      [
        4.160242393035145,
        4.923675011696162,
        -17.376215503305232,
        0.0,
        -9.0764893849485,
        0.0,
        0.0,
        0.0,
        4.855636207456292,
        -0.7746580387656703,
        0.0,
        0.0,
        39.810717055349734,
        0.0,
        0.0,
        0.0
      ],
      [
        0.0,
        -8.379361099707353,
        -2.649216938803458,
        13.374037728280115,
        0.0,
        0.0,
        1.3840510066241194,
        0.0,
        0.0,
        0.0,
        4.524864435519946,
        0.0,
        0.0,
        54.116952654646376,
        0.0,
        0.0
      ],
      [
        0.0,
        -0.15376710343755384,
        0.4597870973516329,
        9.082430560152698,
        0.0,
        0.0,
        0.0,
        0.0,
        0.0,
        0.0,
        0.0,
        -3.8681693226703207,
        0.0,
        0.0,
        73.56422544596414,
        0.0
      ],
      [
        0.0,
        0.0,
        9.478568728972586,
        -0.9507333582459783,
        3.3931587035231985,
        0.0,
        5.307467593589303,
        0.0,
        1.452188935803381,
        0.6305703097333364,
        6.518684957702018,
        3.398437423551382,
        0.0,
        0.0,
        0.0,
        100.0
      ]
    ]
  },
  {
    "timestamp": "2025-06-19T11:18:53.993052",
    "dim": 2,
    "make_hermitian": true,
    "is_hermitian": true,
    "condition_number": 10.0,
    "nnz": 2,
    "density": 0.5,
    "noise_level": 10.0,
    "time_quantum_sec": 0.4248929023742676,
    "euclid_norm_classical": 1.0,
    "euclid_norm_quantum": 1.0,
    "diff_norm": 6.264820586877755e-16,
    "x_classical": [
      [
        1.0,
        0.0
      ],
      [
        0.0,
        0.0
      ]
    ],
    "x_quantum": [
      [
        1.0,
        -6.264820586877755e-16
      ],
      [
        0.0,
        0.0
      ]
    ],
    "matrix": [
      [
        1.0,
        0.0
      ],
      [
        0.0,
        10.0
      ]
    ]
  },
  {
    "timestamp": "2025-06-19T11:19:11.672941",
    "dim": 2,
    "make_hermitian": true,
    "is_hermitian": true,
    "condition_number": 100.0,
    "nnz": 2,
    "density": 0.5,
    "noise_level": 10.0,
    "time_quantum_sec": 1.2581090927124023,
    "euclid_norm_classical": 1.0,
    "euclid_norm_quantum": 1.0,
    "diff_norm": 8.409642354029558e-13,
    "x_classical": [
      [
        1.0,
        0.0
      ],
      [
        0.0,
        0.0
      ]
    ],
    "x_quantum": [
      [
        1.0,
        8.409642354029558e-13
      ],
      [
        0.0,
        0.0
      ]
    ],
    "matrix": [
      [
        1.0,
        0.0
      ],
      [
        0.0,
        100.0
      ]
    ]
  },
  {
    "timestamp": "2025-06-19T11:19:23.737793",
    "dim": 2,
    "make_hermitian": true,
    "is_hermitian": true,
    "condition_number": 100.0,
    "nnz": 2,
    "density": 0.5,
    "noise_level": 10.0,
    "time_quantum_sec": 1.24993896484375,
    "euclid_norm_classical": 1.0,
    "euclid_norm_quantum": 1.0,
    "diff_norm": 8.409642354029558e-13,
    "x_classical": [
      [
        1.0,
        0.0
      ],
      [
        0.0,
        0.0
      ]
    ],
    "x_quantum": [
      [
        1.0,
        8.409642354029558e-13
      ],
      [
        0.0,
        0.0
      ]
    ],
    "matrix": [
      [
        1.0,
        0.0
      ],
      [
        0.0,
        100.0
      ]
    ]
  },
  {
    "timestamp": "2025-06-19T11:20:18.594026",
    "dim": 2,
    "make_hermitian": true,
    "is_hermitian": true,
    "condition_number": 100.0,
    "nnz": 2,
    "density": 0.5,
    "noise_level": 1000.0,
    "time_quantum_sec": 1.2766468524932861,
    "euclid_norm_classical": 1.0,
    "euclid_norm_quantum": 1.0,
    "diff_norm": 8.409642354029558e-13,
    "x_classical": [
      [
        1.0,
        0.0
      ],
      [
        0.0,
        0.0
      ]
    ],
    "x_quantum": [
      [
        1.0,
        8.409642354029558e-13
      ],
      [
        0.0,
        0.0
      ]
    ],
    "matrix": [
      [
        1.0,
        0.0
      ],
      [
        0.0,
        100.0
      ]
    ]
  },
  {
    "timestamp": "2025-06-19T11:21:04.640202",
    "dim": 4,
    "make_hermitian": true,
    "is_hermitian": true,
    "condition_number": 509.056242958199,
    "nnz": 10,
    "density": 0.625,
    "noise_level": 1000.0,
    "time_quantum_sec": 12.404329776763916,
    "euclid_norm_classical": 0.3384419624146413,
    "euclid_norm_quantum": 0.34225307382029274,
    "diff_norm": 0.0038111119112511993,
    "x_classical": [
      [
        0.25999937359558295,
        0.0
      ],
      [
        -0.2160993022883615,
        0.0
      ],
      [
        -0.0010128673175524158,
        0.0
      ],
      [
        0.015599785359368453,
        0.0
      ]
    ],
    "x_quantum": [
      [
        0.2629275009250927,
        4.4596239153087266e-11
      ],
      [
        -0.21853242097323364,
        -3.7067041946975267e-11
      ],
      [
        -0.0010226852479531118,
        -1.9198934521671212e-13
      ],
      [
        0.015774374636895835,
        2.667349569047568e-12
      ]
    ],
    "matrix": [
      [
        1.0,
        0.0,
        -730.5997671961826,
        0.0
      ],
      [
        0.0,
        4.641588833612778,
        -879.1203922141086,
        7.218804130404919
      ],
      [
        -730.5997671961826,
        -879.1203922141086,
        21.544346900318832,
        0.0
      ],
      [
        0.0,
        7.218804130404919,
        0.0,
        100.0
      ]
    ]
  },
  {
    "timestamp": "2025-06-19T11:21:56.116433",
    "dim": 4,
    "make_hermitian": true,
    "is_hermitian": true,
    "condition_number": 6.674442286665338,
    "nnz": 10,
    "density": 0.625,
    "noise_level": 1000.0,
    "time_quantum_sec": 0.44667553901672363,
    "euclid_norm_classical": 0.0025392091300146776,
    "euclid_norm_quantum": 0.0025089700030123912,
    "diff_norm": 0.00010791956997718701,
    "x_classical": [
      [
        -0.00022688068354491067,
        0.0
      ],
      [
        -0.001979275622579876,
        0.0
      ],
      [
        -0.0015569004784370365,
        0.0
      ],
      [
        0.00023374574111127778,
        0.0
      ]
    ],
    "x_quantum": [
      [
        -0.00012974086226698905,
        -4.1039260958423196e-18
      ],
      [
        -0.0019354299810494424,
        -8.1821109896863e-17
      ],
      [
        -0.001573804867933049,
        -6.05471672617374e-17
      ],
      [
        0.00023525902915597506,
        1.2599841154663836e-17
      ]
    ],
    "matrix": [
      [
        1.0,
        -505.34997211747833,
        0.0,
        0.0
      ],
      [
        -505.34997211747833,
        10.0,
        0.0,
        -405.83152628417827
      ],
      [
        0.0,
        0.0,
        100.0,
        666.065816230574
      ],
      [
        0.0,
        -405.83152628417827,
        666.065816230574,
        1000.0
      ]
    ]
  },
  {
    "timestamp": "2025-06-19T11:22:11.633091",
    "dim": 4,
    "make_hermitian": true,
    "is_hermitian": true,
    "condition_number": 223.47728230153274,
    "nnz": 8,
    "density": 0.5,
    "noise_level": 1000.0,
    "time_quantum_sec": 5.630671977996826,
    "euclid_norm_classical": 0.03974469197930565,
    "euclid_norm_quantum": 0.040983990776887504,
    "diff_norm": 0.0012394437674522576,
    "x_classical": [
      [
        0.03497966743252352,
        0.0
      ],
      [
        0.0,
        0.0
      ],
      [
        -0.01882501954939875,
        0.0
      ],
      [
        0.001296937085864588,
        0.0
      ]
    ],
    "x_quantum": [
      [
        0.036075703466801286,
        -6.095495055848646e-14
      ],
      [
        -4.666404814994748e-15,
        -2.422904060258879e-15
      ],
      [
        -0.019403243249703116,
        3.297255636480682e-14
      ],
      [
        0.0013210869646892898,
        -2.209669651658492e-15
      ]
    ],
    "matrix": [
      [
        1.0,
        0.0,
        0.0,
        744.076442169249
      ],
      [
        0.0,
        10.0,
        0.0,
        0.0
      ],
      [
        0.0,
        0.0,
        100.0,
        1451.498284270996
      ],
      [
        744.076442169249,
        0.0,
        1451.498284270996,
        1000.0
      ]
    ]
  },
  {
    "timestamp": "2025-06-19T11:23:55.958294",
    "dim": 4,
    "make_hermitian": true,
    "is_hermitian": true,
    "condition_number": 6.118396556695627,
    "nnz": 10,
    "density": 0.625,
    "noise_level": 1000.0,
    "time_quantum_sec": 0.4465193748474121,
    "euclid_norm_classical": 0.0011163935992388244,
    "euclid_norm_quantum": 0.0010342396873170112,
    "diff_norm": 8.448329909436518e-05,
    "x_classical": [
      [
        -1.244812661374059e-05,
        0.0
      ],
      [
        0.0011162557815926324,
